8:0.5051841960067796:[('textures/Hard_Rough_Plastic_White_diffuse.jpg', 3)]:[0.08079220354557037, -2.4351000785827637, 0.04526679962873459, 1.4041800498962402, -1.4749900102615356, 0.45190998911857605]
5:0.8592872654383416:[('textures/Hard_Rough_Plastic_Black_diffuse.jpg', 2)]:[-1.3875700235366821, -1.6385400295257568, 0.013617199845612049, 1.6098500490188599, -1.0871100425720215, 0.9715499877929688]
26:0.8706420207450659:[]:[-1.5350300073623657, -2.637619972229004, 0.013624699786305428, 0.913677990436554, -0.944366991519928, 0.37609800696372986]
22:0.8711593736297168:[]:[-0.70620197057724, -1.5777699947357178, 0.41987699270248413, 1.4692800045013428, -0.25873300433158875, 0.45873400568962097]
14:0.9243307707243757:[]:[-0.968101978302002, -1.611840009689331, 0.013624699786305428, 1.4413199424743652, -0.2705250084400177, 0.9401230216026306]
25:1.1991551487025744:[]:[-0.9292230010032654, -2.0089099407196045, 0.013624699786305428, -0.01479789987206459, 0.601127028465271, 0.5038620233535767]
21:1.2559579045836633:[]:[-1.410889983177185, -1.3713300228118896, 0.3522689938545227, -1.1789400577545166, -1.052590012550354, 0.3783490061759949]
16:1.292435835485653:[('textures/Paint_Matte_White_237_diffuse.jpg', 1)]:[-1.5323899984359741, -2.9043500423431396, 0.013617199845612049, 1.5211100578308105, 2.9085700511932373, 0.026664599776268005]
7:1.2963796976214381:[]:[-1.6168700456619263, -2.9701199531555176, 0.013624699786305428, 1.6098500490188599, 2.9999899864196777, 0.013624699786305428]
11:1.3622319473108437:[]:[-1.4892200231552124, -2.8739500045776367, 0.013558000326156616, 1.5360300540924072, 2.7471799850463867, 1.3952699899673462]
6:1.3848277113797243:[('textures/Hard_Rough_Plastic_Grey_diffuse.jpg', 6)]:[-1.6174399852752686, -3, 0.0102225998416543, 1.6174399852752686, 2.9400599002838135, 1.3964600563049316]
4:1.393046669046482:[]:[-1.6090600490570068, -2.9305999279022217, 0.010765199549496174, 1.6071100234985352, 2.9159200191497803, 1.3641400337219238]
10:1.4273981152314352:[]:[-0.4042559862136841, -0.5495030283927917, 0.013624699786305428, 0.401993989944458, 0.25611698627471924, 2.5067598819732666]
12:1.4580298504346314:[]:[-1.2486399412155151, -2.845560073852539, 1.1205799579620361, 1.410249948501587, 2.7827200889587402, 1.370479941368103]
0:1.46015693995176:[('textures/Aluminum_Polished_diffuse.jpg', 0)]:[-1.4898500442504883, -1.6377700567245483, 0.35076799988746643, -1.3705300092697144, 0.510532021522522, 0.42761901021003723]
9:1.481364081915933:[('textures/Hard_Shiny_Plastic_Black_diffuse.jpg', 5)]:[-1.2486399412155151, -2.8453500270843506, 1.1401400566101074, 1.256309986114502, 2.7827200889587402, 1.370479941368103]
1:1.600795223001001:[]:[-1.2945899963378906, -2.0674099922180176, 1.0981099605560303, 1.209939956665039, 2.4619300365448, 1.2879999876022339]
15:1.6991349109189484:[]:[-1.2563199996948242, -0.8454989790916443, 0.013624600134789944, 1.2965099811553955, 2.0385899543762207, 1.2264000177383423]
20:1.784996386357996:[('textures/Porcelain_233_diffuse.jpg', 4)]:[-1.5514299869537354, -0.5706890225410461, 0.013624699786305428, 0.0020625300239771605, 2.091480016708374, 0.026664599776268005]
19:1.8247032488623103:[]:[0.046011701226234436, 0.720229983329773, 0.026664599776268005, 1.0082600116729736, 1.4314700365066528, 0.3993769884109497]
3:1.8254741038203715:[('textures/Cloth_Weave_Beige_diffuse.jpg', 7)]:[0.046011701226234436, 0.7490019798278809, 0.14288799464702606, 0.8936049938201904, 1.4010000228881836, 0.22600899636745453]
24:1.8284391742468655:[]:[-1.527519941329956, 0.3072409927845001, 0.4501200020313263, -1.4069299697875977, 0.6712129712104797, 0.6684929728507996]
17:1.8294130482691524:[]:[-0.5920869708061218, -0.2901569902896881, 0.013624699786305428, 0.33310601115226746, 2.0102899074554443, 0.7790589928627014]
2:1.8443274745384175:[]:[-1.524940013885498, 0.3077169954776764, 0.48956099152565, -1.4687299728393555, 0.6615430116653442, 0.8474259972572327]
23:1.919986436355852:[]:[-1.5496000051498413, 0.203916996717453, 0.12918800115585327, -1.117110013961792, 1.5977699756622314, 0.3508659899234772]
13:1.9258476798575217:[]:[-0.994983971118927, -0.8386330008506775, 0.013624699786305428, 1.3925700187683105, 2.805030107498169, 1.24521005153656]
18:2.845051858646095:[]:[0.41322100162506104, 1.8101600408554077, 0.013624699786305428, 1.4588799476623535, 2.7684199810028076, 0.34686100482940674]
